行列Aは次の通りです
 5.00	 2.00	 0.00	 0.00	 0.00	 0.00	 0.00	 0.00	 0.00	 0.00	
 2.00	 5.00	 2.00	 0.00	 0.00	 0.00	 0.00	 0.00	 0.00	 0.00	
 0.00	 2.00	 5.00	 2.00	 0.00	 0.00	 0.00	 0.00	 0.00	 0.00	
 0.00	 0.00	 2.00	 5.00	 2.00	 0.00	 0.00	 0.00	 0.00	 0.00	
 0.00	 0.00	 0.00	 2.00	 5.00	 2.00	 0.00	 0.00	 0.00	 0.00	
 0.00	 0.00	 0.00	 0.00	 2.00	 5.00	 2.00	 0.00	 0.00	 0.00	
 0.00	 0.00	 0.00	 0.00	 0.00	 2.00	 5.00	 2.00	 0.00	 0.00	
 0.00	 0.00	 0.00	 0.00	 0.00	 0.00	 2.00	 5.00	 2.00	 0.00	
 0.00	 0.00	 0.00	 0.00	 0.00	 0.00	 0.00	 2.00	 5.00	 2.00	
 0.00	 0.00	 0.00	 0.00	 0.00	 0.00	 0.00	 0.00	 2.00	 5.00	
ベクトルbは次の通りです
 3.00	
 1.00	
 4.00	
 0.00	
 5.00	
-1.00	
 6.00	
-2.00	
 7.00	
-15.00	
ベクトルx0は次の通りです
 1.00	
 1.00	
 1.00	
 1.00	
 1.00	
 1.00	
 1.00	
 1.00	
 1.00	
 1.00	
Ax=b の解は次の通りです
1.000000
-1.000000
2.000000
-2.000000
3.000000
-3.000000
4.000000
-4.000000
5.000000
-5.000000
