行列Aは次の通りです
 5.00	 2.00	 0.00	 0.00	 0.00	 0.00	 0.00	 0.00	 0.00	 0.00	
 2.00	 5.00	 2.00	 0.00	 0.00	 0.00	 0.00	 0.00	 0.00	 0.00	
 0.00	 2.00	 5.00	 2.00	 0.00	 0.00	 0.00	 0.00	 0.00	 0.00	
 0.00	 0.00	 2.00	 5.00	 2.00	 0.00	 0.00	 0.00	 0.00	 0.00	
 0.00	 0.00	 0.00	 2.00	 5.00	 2.00	 0.00	 0.00	 0.00	 0.00	
 0.00	 0.00	 0.00	 0.00	 2.00	 5.00	 2.00	 0.00	 0.00	 0.00	
 0.00	 0.00	 0.00	 0.00	 0.00	 2.00	 5.00	 2.00	 0.00	 0.00	
 0.00	 0.00	 0.00	 0.00	 0.00	 0.00	 2.00	 5.00	 2.00	 0.00	
 0.00	 0.00	 0.00	 0.00	 0.00	 0.00	 0.00	 2.00	 5.00	 2.00	
 0.00	 0.00	 0.00	 0.00	 0.00	 0.00	 0.00	 0.00	 2.00	 5.00	
ベクトルbは次の通りです
 3.00	
 1.00	
 4.00	
 0.00	
 5.00	
-1.00	
 6.00	
-2.00	
 7.00	
-15.00	
ベクトルxは次の通りです
 1.00	
 1.00	
 1.00	
 1.00	
 1.00	
 1.00	
 1.00	
 1.00	
 1.00	
 1.00	
Ax=b の解は次の通りです
3.600000
-2.299996
2.649991
-2.324980
3.162460
-3.081171
4.040466
-4.019995
5.009521
-5.003809
